Warning: Field 'shape' of 'type' is required but missing.
Trying to save model...
Saved: trimmed_network.onnx
node_0_tokenizer_conv_layers_conv_layers_0_conv_layers_0_0_Conv__0 Output Shape: (1, 8, 16, 16)

Output:
[[[[ 0.          0.          0.          0.          0.          0.          0.          0.          0.          0.          0.          0.          0.          0.          0.          0.        ]
   [ 0.          0.          0.          0.          0.          0.          0.          0.          0.          0.          0.          0.          0.          0.          0.          0.        ]
   [ 0.          0.          0.          0.         -0.00061936 -0.00929941 -0.03721666 -0.01684186  0.00838242  0.00160619  0.         -0.00061936 -0.00455102 -0.00232548  0.00160619  0.        ]
   [ 0.          0.          0.          0.         -0.00949742 -0.10602883 -0.3076239  -0.21685818 -0.04795128 -0.03985019 -0.05986895 -0.09205735 -0.11119506 -0.02215803  0.02212503  0.        ]
   [ 0.          0.          0.         -0.00227097 -0.07095919 -0.42346442 -0.67411965 -0.854106   -0.6766921  -0.4076539  -0.38894817 -0.45736167 -0.4711261  -0.2590689  -0.06086641  0.        ]
   [ 0.          0.         -0.00330323 -0.05290246 -0.3696762  -0.96368074 -1.3576598  -1.3656816  -1.2145011  -1.0745738  -1.1894014  -1.3373197  -1.1000903  -0.656927   -0.23726723  0.        ]
   [ 0.          0.         -0.02113032 -0.22699216 -0.8595092  -1.3514906  -1.5540862  -1.4793994  -1.3116612  -1.3658962  -1.6593943  -1.7548435  -1.2910521  -0.69593215 -0.16404621  0.        ]
   [ 0.          0.         -0.07237098 -0.5088753  -1.1532527  -1.4299855  -1.1511712  -0.72694576 -0.557435   -0.92467874 -1.3663882  -1.4244604  -0.9515327  -0.39462727 -0.03914374  0.        ]
   [ 0.          0.         -0.15069135 -0.5929044  -0.88497305 -0.8496413  -0.42516285 -0.11884224 -0.30378807 -0.9361474  -1.2516712  -1.0879791  -0.5741813  -0.11772878 -0.00290231  0.        ]
   [ 0.          0.         -0.08931067 -0.28889513 -0.28444993 -0.1877049  -0.08627536 -0.18195386 -0.71186465 -1.1990185  -1.1592125  -0.7239008  -0.19265349 -0.0135441   0.          0.        ]
   [ 0.          0.          0.          0.          0.         -0.01046065 -0.13593811 -0.5856158  -1.1198127  -1.2425587  -0.87453306 -0.31844383 -0.02626954  0.          0.          0.        ]
   [ 0.          0.          0.          0.         -0.00350968 -0.08186298 -0.49528646 -1.0412416  -1.3174943  -1.0006642  -0.471556   -0.06399956 -0.00096744  0.          0.          0.        ]
   [ 0.          0.          0.         -0.00371613 -0.05738292 -0.38343894 -0.9619918  -1.3103426  -1.0869448  -0.55499166 -0.121301   -0.00193487  0.          0.          0.          0.        ]
   [ 0.          0.          0.         -0.02415871 -0.25307983 -0.87710774 -1.2085078  -1.1636221  -0.6892035  -0.1734535  -0.0106418   0.          0.          0.          0.          0.        ]
   [ 0.          0.          0.         -0.07909516 -0.49526986 -1.1222005  -1.2552576  -0.75405717 -0.24322352 -0.02433467  0.          0.          0.          0.          0.          0.        ]
   [ 0.          0.          0.         -0.16571882 -0.6042035  -0.7556167  -0.6727128  -0.26494363 -0.03289283 -0.00096744  0.          0.          0.          0.          0.          0.        ]]

  [[ 0.          0.          0.          0.          0.          0.          0.          0.          0.          0.          0.          0.          0.          0.          0.          0.        ]
   [ 0.          0.          0.          0.          0.          0.          0.          0.          0.          0.          0.          0.          0.          0.          0.          0.        ]
   [ 0.          0.          0.          0.         -0.00591239 -0.04611901 -0.00704587 -0.01955979 -0.04168649 -0.00610541  0.         -0.00591239 -0.00079071 -0.00098374 -0.00610541  0.        ]
   [ 0.          0.          0.          0.         -0.07148862 -0.26620826 -0.01489459 -0.15535466 -0.3203575  -0.15746152 -0.14660925 -0.17908281 -0.0671744  -0.11403137 -0.1056764   0.        ]
   [ 0.          0.          0.         -0.02167875 -0.21400088  0.1683532   0.31456703  0.03139883 -0.23577428 -0.31490132 -0.2819395  -0.17900522  0.05868366 -0.15880623 -0.16102576  0.        ]
   [ 0.          0.         -0.03153273 -0.20721817  0.01810613  0.5065991   0.7103775   0.6331826   0.66081345  0.5575787   0.5621815   0.71613055  0.55394477  0.01791371 -0.00131837  0.        ]
   [ 0.          0.         -0.09944879 -0.07179406  0.5401045   0.7799902   0.6282398   0.61922145  0.5941001   0.43948126  0.7996612   0.864695    0.35947776  0.04565725  0.01214158  0.        ]
   [ 0.          0.          0.03241355  0.38135692  0.91139233  0.6502119   0.2677151   0.12711397 -0.07015821  0.23249461  0.78735137  0.53921664  0.1428949   0.04266093 -0.0000784   0.        ]
   [ 0.          0.          0.09966701  0.3949468   0.51797664  0.3083595   0.0689835  -0.13785473 -0.06998946  0.58835286  0.6550394   0.21099582  0.09282087  0.00552699 -0.00019979  0.        ]
   [ 0.          0.          0.01320965  0.05607959  0.07031298  0.01759997 -0.11041421 -0.15318115  0.38006464  0.72118586  0.2839034   0.09198833  0.01310526 -0.00093236  0.          0.        ]
   [ 0.          0.          0.          0.          0.         -0.08707499 -0.1919901   0.27589402  0.6835361   0.47017974  0.13087426  0.04068387 -0.00093629  0.          0.          0.        ]
   [ 0.          0.          0.          0.         -0.03350353 -0.20728178  0.22646329  0.6732289   0.5598212   0.20551677  0.06470502 -0.0021874  -0.0000666   0.          0.          0.        ]
   [ 0.          0.          0.         -0.03547433 -0.18320487  0.03770161  0.5982383   0.61297977  0.20346485  0.08663344  0.00219076 -0.00013319  0.          0.          0.          0.        ]
   [ 0.          0.          0.         -0.11557513 -0.07831981  0.6260773   0.6521395   0.32753706  0.13521738  0.01126049 -0.00073257  0.          0.          0.          0.          0.        ]
   [ 0.          0.          0.          0.07061671  0.43749014  0.8916416   0.48066425  0.15595362  0.0208237  -0.0008031   0.          0.          0.          0.          0.          0.        ]
   [ 0.          0.          0.          0.08469441  0.34972996  0.41127566  0.20405042  0.0317281  -0.00091812 -0.0000666   0.          0.          0.          0.          0.          0.        ]]

  [[ 0.          0.          0.          0.          0.          0.          0.          0.          0.          0.          0.          0.          0.          0.          0.          0.        ]
   [ 0.          0.          0.          0.          0.          0.          0.          0.          0.          0.          0.          0.          0.          0.          0.          0.        ]
   [ 0.          0.          0.          0.         -0.0072691  -0.06404202 -0.05606829  0.06015145  0.06567279  0.00870208  0.         -0.0072691  -0.00831225  0.00765893  0.00870208  0.        ]
   [ 0.          0.          0.          0.         -0.0879881  -0.43569118 -0.39343876  0.30557922  0.3868353   0.047246   -0.06975522 -0.12038021  0.05051772  0.2771807   0.15373491  0.        ]
   [ 0.          0.          0.         -0.02665337 -0.30210754 -0.37349874 -0.33741227 -0.044373    0.17944369  0.07726894  0.04151399  0.04978908  0.25791356  0.5686158   0.29838857  0.        ]
   [ 0.          0.         -0.03876854 -0.29426402 -0.39741418 -0.68090785 -0.3027735   0.7746711   0.7082102  -0.00056908 -0.33772346 -0.15384105  0.36017686  0.78053343  0.34859163  0.        ]
   [ 0.          0.         -0.12277603 -0.35598493 -0.6548884  -0.55120707  0.0677647   0.3456474   0.15103263 -0.22917706 -0.32675165  0.18563384  0.83021617  1.2143376   0.47099543  0.        ]
   [ 0.          0.         -0.02007941 -0.40456104 -0.9305581  -0.30819255  0.5071334   0.44911218 -0.12499385 -0.40547132 -0.37998542  0.30388418  1.0606743   0.9064976   0.16039276  0.        ]
   [ 0.          0.         -0.11399339 -0.62148416 -0.74511534  0.45631468  0.88045084  0.13525395 -0.41931227 -0.6528212  -0.43118483  0.63279593  1.0045464   0.41645324  0.01415246  0.        ]
   [ 0.          0.         -0.14652462 -0.46444532 -0.1560925   0.50317264  0.18383615 -0.34998527 -0.5209592  -0.58735967  0.19796735  1.0562482   0.6191871   0.06604481  0.          0.        ]
   [ 0.          0.          0.          0.          0.         -0.10711941 -0.3694148  -0.4332748  -0.519885   -0.14336666  0.9715111   0.8104508   0.11793657  0.          0.          0.        ]
   [ 0.          0.          0.          0.         -0.04119158 -0.3051315  -0.43521696 -0.5214039  -0.32414967  0.66546637  1.0075256   0.28663394  0.00471749  0.          0.          0.        ]
   [ 0.          0.          0.         -0.04361461 -0.26982382 -0.40015846 -0.62934566 -0.3739561   0.57564247  1.0050573   0.46947896  0.00943497  0.          0.          0.          0.        ]
   [ 0.          0.          0.         -0.14266622 -0.4181198  -0.5398786  -0.4282233   0.28490102  0.9600137   0.56125563  0.05189236  0.          0.          0.          0.          0.        ]
   [ 0.          0.          0.          0.01933946 -0.337107   -0.9791771  -0.18902293  0.9104887   0.75322133  0.1085016   0.          0.          0.          0.          0.          0.        ]
   [ 0.          0.          0.         -0.16825514 -0.68856025 -0.57656944  0.7485642   0.7285729   0.14510994  0.00471749  0.          0.          0.          0.          0.          0.        ]]

  [[ 0.          0.          0.          0.          0.          0.          0.          0.          0.          0.          0.          0.          0.          0.          0.          0.        ]
   [ 0.          0.          0.          0.          0.          0.          0.          0.          0.          0.          0.          0.          0.          0.          0.          0.        ]
   [ 0.          0.          0.          0.          0.00146817  0.01078073 -0.0114341  -0.06410637 -0.0467713  -0.00584712  0.          0.00146817 -0.00047525 -0.00779053 -0.00584712  0.        ]
   [ 0.          0.          0.          0.          0.02383174  0.10866498 -0.0982273  -0.45926353 -0.35544688 -0.12731871 -0.08322874 -0.09364556 -0.18354702 -0.23723927 -0.10087506  0.        ]
   [ 0.          0.          0.          0.00538329  0.12837932  0.26178688 -0.21363091 -0.44674176 -0.37018132 -0.37949288 -0.350882   -0.33205867 -0.5198305  -0.49667013 -0.14855836  0.        ]
   [ 0.          0.          0.00783024  0.07016668  0.21696872 -0.13999766 -0.38537842 -0.20679402  0.00035715  0.06745738  0.06045753 -0.148444   -0.52020955 -0.31419003  0.00626966  0.        ]
   [ 0.          0.          0.05711981  0.25234562  0.0302397  -0.46991405 -0.43601626 -0.09710753  0.00700849  0.14958858  0.04841936 -0.4522987  -0.54604155 -0.10128351  0.00933519  0.        ]
   [ 0.          0.          0.11656132  0.26162    -0.10097992 -0.36248076 -0.16823807 -0.06574465  0.00495328  0.159002   -0.29798126 -0.6257682  -0.25195986  0.01023107 -0.00183971  0.        ]
   [ 0.          0.          0.03754197  0.03054601 -0.13372126 -0.06416425  0.00749273  0.04248156  0.2207129  -0.05481011 -0.6133022  -0.38424525 -0.00253847 -0.00051614 -0.00037621  0.        ]
   [ 0.          0.         -0.02328979 -0.07573693 -0.06959882 -0.03236309  0.02278154  0.18012814  0.08953625 -0.52191675 -0.54147446 -0.06545543 -0.00166676 -0.00175564  0.          0.        ]
   [ 0.          0.          0.          0.          0.          0.02567563  0.1546761   0.12846097 -0.3924844  -0.5965028  -0.14904799  0.01675672 -0.00232708  0.          0.          0.        ]
   [ 0.          0.          0.          0.          0.00831963  0.13999805  0.20896634 -0.295398   -0.57822657 -0.2492891   0.01555815 -0.00625598 -0.0001254   0.          0.          0.        ]
   [ 0.          0.          0.          0.00880902  0.07591516  0.21861434 -0.18807983 -0.606889   -0.3653885  -0.00869459 -0.00409714 -0.00025081  0.          0.          0.          0.        ]
   [ 0.          0.          0.          0.06517739  0.23799391 -0.02393061 -0.55357355 -0.38753757 -0.00948016 -0.00098532 -0.00137943  0.          0.          0.          0.          0.        ]
   [ 0.          0.          0.          0.12645072  0.26750654 -0.15948588 -0.2905061  -0.0470436  -0.00358439 -0.00207627  0.          0.          0.          0.          0.          0.        ]
   [ 0.          0.          0.          0.01654806  0.00027478 -0.15142612 -0.02703485  0.00197467 -0.00330189 -0.0001254   0.          0.          0.          0.          0.          0.        ]]

  [[ 0.          0.          0.          0.          0.          0.          0.          0.          0.          0.          0.          0.          0.          0.          0.          0.        ]
   [ 0.          0.          0.          0.          0.          0.          0.          0.          0.          0.          0.          0.          0.          0.          0.          0.        ]
   [ 0.          0.          0.          0.         -0.00068598 -0.00464168  0.01174519  0.05877004  0.04505866  0.00570719  0.         -0.00068598  0.00061754  0.00701072  0.00570719  0.        ]
   [ 0.          0.          0.          0.         -0.00383487  0.01551316  0.14973184  0.4391402   0.36556405  0.13164636  0.08937895  0.11238042  0.17803437  0.22074506  0.10158962  0.        ]
   [ 0.          0.          0.         -0.00251528  0.02798713  0.27797532  0.5123422   0.6935739   0.7054091   0.5790975   0.58270115  0.63368165  0.5982154   0.51820457  0.2113002   0.        ]
   [ 0.          0.         -0.00365859 -0.00390778  0.18948422  0.12174171  0.27996862  1.1020718   1.124012    0.66254985  0.54519147  0.6212418   0.68334347  0.7230623   0.29087073  0.        ]
   [ 0.          0.          0.012246    0.1625082   0.13596016 -0.01605552  0.20781052  0.33323044  0.23363382  0.22126432  0.37103355  0.59824675  0.7929938   0.9660609   0.3865249   0.        ]
   [ 0.          0.          0.0590045  -0.00282803 -0.32969835 -0.06767944  0.38630825  0.31274873  0.04656539  0.13413492  0.1838547   0.4433425   0.8473024   0.72625554  0.12988459  0.        ]
   [ 0.          0.         -0.08965239 -0.4777828  -0.56818724  0.34584647  0.68630356  0.24815601  0.12020524  0.04959333 -0.057091    0.53402793  0.78772926  0.3366961   0.01139312  0.        ]
   [ 0.          0.         -0.1148514  -0.39701313 -0.21088378  0.35989758  0.24802472  0.11282354  0.18523902 -0.05162734  0.24033716  0.8089164   0.49447703  0.05316789  0.          0.        ]
   [ 0.          0.          0.          0.          0.         -0.00712981  0.06756619  0.235089    0.06699264  0.05469865  0.7542901   0.6507186   0.09519684  0.          0.          0.        ]
   [ 0.          0.          0.          0.         -0.00388725  0.04317734  0.20935531  0.11178684 -0.03745711  0.52840483  0.79129577  0.23054896  0.00379771  0.          0.          0.        ]
   [ 0.          0.          0.         -0.00411591  0.00827043  0.18569963  0.08183476 -0.0259124   0.4719839   0.773849    0.37932777  0.00759541  0.          0.          0.          0.        ]
   [ 0.          0.          0.          0.013348    0.14018439  0.13731709 -0.03655124  0.30583423  0.7477199   0.44945687  0.04177477  0.          0.          0.          0.          0.        ]
   [ 0.          0.          0.          0.07312974  0.02087963 -0.41043973 -0.05221778  0.6845333   0.59885705  0.08760144  0.          0.          0.          0.          0.          0.        ]
   [ 0.          0.          0.         -0.13211805 -0.55040056 -0.4704383   0.5669106   0.5756305   0.11636359  0.00379771  0.          0.          0.          0.          0.          0.        ]]

  [[ 0.          0.          0.          0.          0.          0.          0.          0.          0.          0.          0.          0.          0.          0.          0.          0.        ]
   [ 0.          0.          0.          0.          0.          0.          0.          0.          0.          0.          0.          0.          0.          0.          0.          0.        ]
   [ 0.          0.          0.          0.          0.00342633  0.02032742 -0.05012237 -0.02684413  0.02738551  0.00479387  0.          0.00342633 -0.00594114 -0.00457361  0.00479387  0.        ]
   [ 0.          0.          0.          0.          0.03839757  0.04973748 -0.38091567 -0.2589042   0.05530883  0.01521444 -0.00754328 -0.0353359  -0.15004568 -0.00789988  0.07403883  0.        ]
   [ 0.          0.          0.          0.01256322  0.06789109 -0.4933269  -0.5705339  -0.86939186 -0.80526406 -0.38371465 -0.3493548  -0.44751754 -0.55372906 -0.26012647 -0.0397934   0.        ]
   [ 0.          0.          0.01827378  0.07484163 -0.32881218 -0.3159587  -0.62663716 -1.4139248  -1.5601496  -1.1374128  -1.1355188  -1.271389   -1.0670351  -0.83659303 -0.4384039   0.        ]
   [ 0.          0.          0.04146512 -0.17637503 -0.4914449  -0.3677243  -0.6129068  -0.8853989  -0.70493275 -0.6316961  -1.0826883  -1.1342824  -1.0268278  -1.1249217  -0.38357386  0.        ]
   [ 0.          0.         -0.04848626 -0.13342927 -0.21720238 -0.55677724 -0.85106105 -0.49081546 -0.02452867 -0.36618644 -0.56295174 -0.67815566 -1.0699308  -0.7970326  -0.103506    0.        ]
   [ 0.          0.          0.04292869  0.27978188  0.19238305 -0.7416581  -0.75741404 -0.1301328  -0.1754055  -0.40830186 -0.21315517 -0.7809428  -0.9832972  -0.2908597  -0.00819293  0.        ]
   [ 0.          0.          0.09353095  0.29262072  0.10139272 -0.29229718 -0.13089533 -0.10501549 -0.45319003 -0.24389738 -0.48744342 -1.0552924  -0.44421133 -0.03823366  0.          0.        ]
   [ 0.          0.          0.          0.          0.          0.04844061 -0.03644717 -0.481775   -0.29602587 -0.35356036 -1.061971   -0.6801888  -0.07182533  0.          0.          0.        ]
   [ 0.          0.          0.          0.          0.01941589  0.04187678 -0.45471108 -0.36605775 -0.2963111  -0.8807295  -0.9042301  -0.17305459 -0.00273098  0.          0.          0.        ]
   [ 0.          0.          0.          0.020558    0.05059657 -0.31115168 -0.34852374 -0.30004013 -0.7413696  -0.9429241  -0.31088436 -0.00546195  0.          0.          0.          0.        ]
   [ 0.          0.          0.          0.04878972 -0.17209497 -0.5465917  -0.17622364 -0.6580791  -1.0546573  -0.4035171  -0.03004073  0.          0.          0.          0.          0.        ]
   [ 0.          0.          0.         -0.076233   -0.14778917 -0.14930508 -0.57683986 -0.9990874  -0.54376024 -0.06636338  0.          0.          0.          0.          0.          0.        ]
   [ 0.          0.          0.          0.08419591  0.34104085  0.15488438 -0.82948613 -0.55758    -0.08757439 -0.00273098  0.          0.          0.          0.          0.          0.        ]]

  [[ 0.          0.          0.          0.          0.          0.          0.          0.          0.          0.          0.          0.          0.          0.          0.          0.        ]
   [ 0.          0.          0.          0.          0.          0.          0.          0.          0.          0.          0.          0.          0.          0.          0.          0.        ]
   [ 0.          0.          0.          0.          0.00067078  0.00855675  0.02221808 -0.03636142 -0.04862106 -0.0066997   0.          0.00067078  0.00341406 -0.00395642 -0.0066997   0.        ]
   [ 0.          0.          0.          0.          0.01356808  0.11796254  0.1371848  -0.3003924  -0.3567819  -0.09600618 -0.03416599 -0.02035874 -0.05677637 -0.18981534 -0.12106912  0.        ]
   [ 0.          0.          0.          0.00245955  0.10620973  0.43164894 -0.04234636 -0.57645893 -0.47474968 -0.2803681  -0.2110988  -0.19161417 -0.3858179  -0.60388243 -0.26810414  0.        ]
   [ 0.          0.          0.00357752  0.0612501   0.35585088  0.102934   -0.5119449  -0.67004323 -0.4237619  -0.28159997 -0.19572474 -0.31864393 -0.8033388  -0.7997783  -0.18927705  0.        ]
   [ 0.          0.          0.04038898  0.29573506  0.26819813 -0.5121269  -0.9385943  -0.6372243  -0.3837105  -0.19518739 -0.07943706 -0.65883976 -1.0772668  -0.5675061  -0.08341351  0.        ]
   [ 0.          0.          0.10813957  0.297584   -0.10730024 -0.8100772  -0.6867186  -0.29339963 -0.09461435  0.21720606 -0.16421337 -0.97931695 -0.8086907  -0.2216952  -0.01867568  0.        ]
   [ 0.          0.          0.04444555  0.02676366 -0.2990436  -0.42206275 -0.20281944 -0.00730086  0.2883861   0.20350327 -0.713968   -0.95121986 -0.3424192  -0.05585892 -0.00140893  0.        ]
   [ 0.          0.         -0.01957326 -0.07660238 -0.11143536 -0.09369274 -0.01443537  0.21872088  0.32567585 -0.44951966 -1.0348307  -0.5046547  -0.0943767  -0.00657499  0.          0.        ]
   [ 0.          0.          0.          0.          0.          0.01351728  0.17704335  0.35211927 -0.25911608 -0.9771551  -0.6915031  -0.15562585 -0.01264367  0.          0.          0.        ]
   [ 0.          0.          0.          0.          0.00380112  0.12523173  0.39624482 -0.12640575 -0.8905233  -0.80283326 -0.25116053 -0.03092813 -0.00046964  0.          0.          0.        ]
   [ 0.          0.          0.          0.00402471  0.07165672  0.34939247  0.05069936 -0.79434025 -0.914772   -0.32862896 -0.05784243 -0.00093928  0.          0.          0.          0.        ]
   [ 0.          0.          0.          0.04585684  0.29421514  0.2365995  -0.66255057 -0.9338527  -0.41338235 -0.08504197 -0.00516607  0.          0.          0.          0.          0.        ]
   [ 0.          0.          0.          0.12119326  0.29029948 -0.20671003 -0.7891593  -0.463831   -0.11972907 -0.01170439  0.          0.          0.          0.          0.          0.        ]
   [ 0.          0.          0.          0.02393636 -0.00359897 -0.30613598 -0.33819494 -0.12710756 -0.01593624 -0.00046964  0.          0.          0.          0.          0.          0.        ]]

  [[ 0.          0.          0.          0.          0.          0.          0.          0.          0.          0.          0.          0.          0.          0.          0.          0.        ]
   [ 0.          0.          0.          0.          0.          0.          0.          0.          0.          0.          0.          0.          0.          0.          0.          0.        ]
   [ 0.          0.          0.          0.          0.0036219   0.03949683  0.09615555  0.04953853 -0.00625692 -0.00187356  0.          0.0036219   0.01172896  0.0062335  -0.00187356  0.        ]
   [ 0.          0.          0.          0.          0.04492835  0.32160196  0.7036971   0.47908783  0.15312533  0.14595324  0.20238367  0.290902    0.29613572  0.08261336 -0.0282357   0.        ]
   [ 0.          0.          0.          0.01328028  0.19306514  0.61344326  0.8367469   1.0817239   1.0097855   0.78825676  0.7631078   0.7935724   0.6915901   0.27931952  0.02949025  0.        ]
   [ 0.          0.          0.01931678  0.19107279  0.5877671   1.0088767   1.0775598   1.0715191   0.99020004  0.8618089   1.0879018   1.2356836   0.9229381   0.5259275   0.22181788  0.        ]
   [ 0.          0.          0.06697416  0.37174606  0.9364249   1.0495585   1.0951872   1.1035696   1.030372    1.210974    1.6126378   1.579733    1.0758355   0.6714999   0.20887372  0.        ]
   [ 0.          0.          0.0366599   0.34084147  0.8135874   1.0588413   0.9937867   0.7315954   0.642685    1.048589    1.3005193   1.1579696   0.82089996  0.4516784   0.0588555   0.        ]
   [ 0.          0.          0.08567612  0.32881144  0.5565709   0.74238425  0.48568922  0.23262909  0.48648798  0.9763722   0.9566858   0.84854734  0.59173     0.16492647  0.00476396  0.        ]
   [ 0.          0.          0.08170654  0.24405277  0.23472646  0.23198862  0.1852465   0.36891544  0.83939403  0.9990327   0.8624214   0.69222736  0.2568857   0.02223182  0.          0.        ]
   [ 0.          0.          0.          0.          0.          0.0540982   0.3200068   0.764649    0.9654186   0.89949954  0.75667346  0.38602662  0.04132099  0.          0.          0.        ]
   [ 0.          0.          0.          0.          0.02052408  0.21209061  0.667       0.93838847  0.95684916  0.80948424  0.52909195  0.10040893  0.00158799  0.          0.          0.        ]
   [ 0.          0.          0.          0.02173137  0.18612841  0.5752937   0.9622774   1.0068252   0.8610816   0.5770774   0.17723131  0.00317598  0.          0.          0.          0.        ]
   [ 0.          0.          0.          0.07760961  0.4249805   0.92064     0.8667997   0.86967766  0.66981834  0.232102    0.01746786  0.          0.          0.          0.          0.        ]
   [ 0.          0.          0.          0.02103067  0.2722532   0.77427447  0.9349444   0.70614874  0.31835783  0.03814502  0.          0.          0.          0.          0.          0.        ]
   [ 0.          0.          0.          0.11102079  0.3660854   0.4960425   0.6443228   0.33136392  0.051148    0.00158799  0.          0.          0.          0.          0.          0.        ]]]]
